4.010000687099151140e-01
4.030000661608024171e-01
4.050000636116896646e-01
4.070000610625769677e-01
4.090000585134642708e-01
4.110000559643515183e-01
4.130000534152388214e-01
4.150000508661261245e-01
4.170000483170134276e-01
4.190000457679007306e-01
4.210000432187879782e-01
4.230000406696752813e-01
4.250000381205625288e-01
4.270000355714498319e-01
4.290000330223371350e-01
4.310000304732244381e-01
4.330000279241117411e-01
4.350000253749989887e-01
4.370000228258862918e-01
4.390000202767735393e-01
4.410000177276608424e-01
4.430000151785481455e-01
4.450000126294354486e-01
4.470000100803227516e-01
4.490000075312099992e-01
4.510000049820973023e-01
4.530000024329845498e-01
4.549999998838718529e-01
4.569999973347591560e-01
4.589999947856464591e-01
4.609999922365337621e-01
4.629999896874210097e-01
4.649999871383083128e-01
4.669999845891955603e-01
4.689999820400828634e-01
4.709999794909701665e-01
4.729999769418574695e-01
4.749999743927447726e-01
4.769999718436320202e-01
4.789999692945193233e-01
4.809999667454065708e-01
4.829999641962938739e-01
4.849999616471811770e-01
4.869999590980684800e-01
4.889999565489557831e-01
4.909999539998430307e-01
4.929999514507303338e-01
4.949999489016175813e-01
4.969999463525048844e-01
4.989999438033921875e-01
5.009999412542794905e-01
5.029999387051667936e-01
5.049999361560539857e-01
5.069999336069412887e-01
5.089999310578285918e-01
5.109999285087158949e-01
5.129999259596031980e-01
5.149999234104905010e-01
5.169999208613778041e-01
5.189999183122651072e-01
5.209999157631524103e-01
5.229999132140396023e-01
5.249999106649269054e-01
5.269999081158142085e-01
5.289999055667015115e-01
5.309999030175888146e-01
5.329999004684760067e-01
5.349998979193633097e-01
5.369998953702506128e-01
5.389998928211379159e-01
5.409998902720252190e-01
5.429998877229125220e-01
5.449998851737998251e-01
5.469998826246871282e-01
5.489998800755744313e-01
5.509998775264617343e-01
5.529998749773489264e-01
5.549998724282362295e-01
5.569998698791235325e-01
5.589998673300108356e-01
5.609998647808980277e-01
5.629998622317853307e-01
5.649998596826726338e-01
5.669998571335599369e-01
5.689998545844472400e-01
5.709998520353345430e-01
5.729998494862218461e-01
5.749998469371091492e-01
5.769998443879964523e-01
5.789998418388837553e-01
5.809998392897709474e-01
5.829998367406582505e-01
5.849998341915455535e-01
5.869998316424328566e-01
5.889998290933201597e-01
5.909998265442073517e-01
5.929998239950946548e-01
5.949998214459819579e-01
5.969998188968692610e-01
5.989998163477565640e-01
