8.866609680831027962e-03
8.784511443045555160e-03
9.199228276564816453e-03
8.910677117289406146e-03
8.892567211895551979e-03
8.953537226721527964e-03
9.423791103448608125e-03
9.563237374981286079e-03
9.996667777407531458e-03
9.967088265264234873e-03
9.817379714008374336e-03
9.886801018018148354e-03
9.588591242532681913e-03
9.834282292375972137e-03
1.036188420285025745e-02
1.068725883642650601e-02
1.057799574055025109e-02
1.095226711868990503e-02
1.116536033882425602e-02
1.094140117545359253e-02
1.078927797014521753e-02
1.077599737285639056e-02
1.047959858791031040e-02
1.030453616910305230e-02
1.008178433275864518e-02
1.026529804074970131e-02
1.041561025551869177e-02
1.080436955797342904e-02
1.100116386325331215e-02
1.027797497452540010e-02
9.901892605846359871e-03
9.732263158657258884e-03
1.007152205303546086e-02
9.933886772042169189e-03
1.010049790166562753e-02
9.838507936967871154e-03
9.847562889664797370e-03
1.033713399881198980e-02
1.036792083798154275e-02
9.828849320757815020e-03
9.533054199324863046e-03
9.434657046684920625e-03
9.280119187324032889e-03
9.271064234627104939e-03
9.440090018303077743e-03
9.650164920871786081e-03
9.653183238437428731e-03
9.612134119544693198e-03
9.980368862553061840e-03
1.014818731920277828e-02
1.033653033529886162e-02
1.072468597424047071e-02
1.095166345517677685e-02
1.095830375382119033e-02
1.089310809440331533e-02
1.040293332174299472e-02
1.010713820031004101e-02
9.962862620672335856e-03
9.732866822170387067e-03
9.915776866648315022e-03
9.399644562923470392e-03
9.102038450951132134e-03
9.099020133385489484e-03
9.454577942618161077e-03
9.516755284470393428e-03
9.701476319487707667e-03
1.029367022586673980e-02
1.048020225142343859e-02
1.057678841352399472e-02
1.040595163930863563e-02
1.057859940406337927e-02
1.068363685534773518e-02
1.049529383925165010e-02
1.017897415837232949e-02
1.016327890703098979e-02
1.000874104767010032e-02
9.679744433015082666e-03
9.538487170943018428e-03
9.760635343774297368e-03
9.880160719373734871e-03
1.008540631383741601e-02
1.022424892185696578e-02
1.053815394868377192e-02
1.069993577020220306e-02
1.086413224577314866e-02
1.089431542142957170e-02
1.088465680521951556e-02
1.051823305275053320e-02
1.024054783671143366e-02
9.684573741120109866e-03
9.545127469587431912e-03
9.336259894044979940e-03
9.097812806359233118e-03
9.163008465777108119e-03
9.204057584669843653e-03
9.378516339963973575e-03
9.390589610226542441e-03
9.787196538351949568e-03
9.980368862553061840e-03
9.969502919316749340e-03
